2782	8088
3446	8738
3329	8604
1406	6619
3120	8413
2888	8172
3678	8969
467	5630
1924	7170
1238	6436
4109	9412
1250	6449
4421	9697
4681	9986
1758	6981
655	5829
4048	9338
2522	7778
4798	10106
1589	6798
79	5201
1526	6743
3438	8730
2686	7971
374	5532
1850	7070
1732	6942
4946	10260
5009	10323
445	5597
2255	7484
2267	7497
4790	10097
206	5331
2459	7708
4856	10167
3485	8783
3465	8762
4814	10130
4976	10285
4762	10062
2188	7403
2496	7749
1823	7046
620	5790
2509	7766
5089	10398
1402	6615
1705	6922
4973	10282
1044	6245
493	5660
583	5749
923	6132
1055	6251
1967	7213
2411	7668
570	5737
4785	10090
944	6147
3215	8499
3677	8967
2088	7321
1410	6622
3372	8654
2867	8154
2831	8127
1614	6819
976	6179
2091	7323
4305	9577
351	5510
261	5396
4908	10227
4845	10157
507	5684
1479	6695
3765	9049
3038	8328
2338	7583
918	6124
1833	7056
1646	6848
3456	8754
4001	9296
1140	6315
102	5223
4317	9592
629	5802
4996	10307
4494	9778
4168	9463
221	5342
853	6048
2569	7827
739	5902
1673	6885
2975	8257
1029	6233
3305	8586
2852	8142
627	5799
4049	9341
4805	10114
4949	10264
2749	8048
2013	7260
2678	7952
4931	10245
2799	8101
3304	8585
1428	6641
4625	9936
1096	6286
2065	7300
1032	6238
1413	6627
4105	9405
3277	8553
1858	7084
463	5628
2693	7973
2860	8149
450	5609
4192	9475
3183	8466
4551	9855
1749	6968
561	5727
1376	6580
180	5305
957	6158
3135	8426
2389	7647
2464	7716
3381	8662
2063	7297
3620	8920
367	5527
509	5686
1005	6200
2918	8209
2563	7820
4184	9470
953	6155
476	5644
287	5427
4059	9351
245	5367
2219	7447
2916	8207
1846	7068
1192	6387
1649	6852
1742	6960
3518	8810
3387	8672
934	6141
1285	6487
3494	8790
2586	7843
710	5875
295	5438
1624	6823
971	6174
4977	10287
3447	8740
1944	7198
3993	9281
1582	6795
1117	6299
4547	9850
5004	10315
1992	7240
2557	7815
52	5168
208	5332
2884	8169
3947	9250
3049	8337
2933	8221
2627	7891
717	5881
4893	10209
3067	8359
4112	9413
452	5617
1257	6461
1655	6868
3128	8420
3544	8827
4665	9962
3881	9163
2758	8059
535	5699
2623	7882
846	6038
1464	6679
2710	7995
2297	7546
1685	6906
4479	9766
157	5279
2386	7644
4702	10009
3675	8966
1414	6628
439	5589
4721	10015
4495	9782
4183	9471
1795	7023
3314	8593
171	5298
2683	7962
716	5880
4387	9671
793	5970
35	5155
2947	8232
3001	8290
421	5581
1652	6863
1894	7121
1048	6248
1596	6801
4166	9462
4951	10265
1450	6666
3697	8983
2562	7818
3396	8685
2116	7340
320	5468
4360	9632
723	5889
3539	8825
1927	7171
3071	8364
3084	8373
4553	9856
2470	7725
4641	9943
4496	9784
1612	6815
614	5783
533	5696
1959	7207
2658	7929
152	5273
4280	9551
2534	7785
601	5769
4028	9320
4978	10290
2156	7382
3637	8933
1002	6197
2524	7781
2495	7748
744	5912
4462	9750
840	6029
323	5479
3227	8509
3982	9275
856	6053
1197	6392
3804	9076
4970	10281
3606	8897
590	5758
1588	6796
2180	7399
2488	7740
4480	9764
3827	9109
3628	8928
1743	6961
1737	6948
1319	6523
4115	9416
665	5838
3644	8941
4570	9877
2994	8287
430	5588
4092	9387
3495	8792
3239	8519
379	5538
3283	8561
240	5359
4491	9774
318	5465
3316	8594
4453	9733
4829	10144
3270	8549
3119	8412
4947	10262
3102	8390
3590	8884
1759	6984
1286	6488
4503	9789
3027	8312
2469	7724
766	5939
4468	9755
2127	7352
845	6036
704	5869
4074	9366
2917	8208
4492	9777
1801	7027
1437	6651
3910	9199
1816	7040
3407	8699
4864	10176
607	5772
4808	10117
1396	6609
3185	8468
2002	7252
187	5313
3958	9257
3618	8913
89	5209
3006	8297
4560	9867
1291	6492
2663	7934
3109	8401
1626	6831
2198	7422
932	6138
4381	9660
952	6153
1146	6330
2134	7362
777	5948
876	6076
4982	10293
2745	8038
3362	8640
5050	10363
2626	7888
3326	8602
4757	10058
832	6015
3907	9197
3783	9057
4361	9638
1492	6708
4348	9619
78	5199
1083	6272
839	6028
2396	7654
3563	8856
4886	10201
3340	8613
3106	8399
2952	8236
1987	7233
2701	7984
1172	6365
395	5559
3341	8615
2726	8013
3282	8560
366	5526
1839	7064
3809	9082
2508	7763
3686	8976
219	5339
1724	6938
2300	7548
3117	8410
4482	9767
3579	8874
3204	8487
2075	7306
1735	6947
193	5320
3318	8595
186	5312
1366	6575
3607	8899
4200	9481
1367	6574
555	5720
1065	6261
516	5690
1196	6390
1202	6398
838	6027
4863	10174
2669	7943
1727	6939
3036	8325
4061	9352
3380	8663
3416	8708
3931	9231
1981	7225
1867	7098
332	5490
735	5899
2475	7730
549	5713
1373	6577
2344	7586
16	5140
2639	7907
695	5862
158	5280
3462	8759
3925	9221
3927	9223
1404	6617
3116	8409
870	6068
4260	9530
2823	8119
742	5910
3790	9062
491	5657
1438	6652
2346	7590
3385	8669
1040	6242
4100	9400
1537	6751
3893	9180
4693	10001
511	5687
4404	9686
98	5219
4957	10275
2114	7339
1272	6475
2018	7264
4584	9888
4312	9591
2287	7533
2574	7833
4422	9698
977	6180
4544	9846
2907	8200
5006	10321
2780	8084
4573	9878
1112	6297
3241	8521
4287	9562
3748	9029
4574	9879
1310	6512
3439	8732
2483	7735
1308	6511
1296	6498
2528	7783
711	5876
5036	10354
1159	6347
1481	6700
1461	6676
3422	8712
3648	8946
847	6040
4396	9681
2856	8145
843	6035
1550	6764
18	5141
4460	9744
4744	10038
3695	8980
2006	7256
365	5523
2222	7449
2001	7251
2418	7677
2910	8201
4291	9566
3547	8833
435	5593
4391	9675
1205	6403
581	5748
1714	6928
105	5227
3155	8443
1137	6313
3824	9100
162	5286
3098	8385
56	5175
2751	8051
309	5452
2848	8139
2747	8042
5090	10399
3870	9148
268	5407
1825	7049
1100	6289
1145	6327
3864	9141
233	5352
2551	7802
385	5545
1834	7058
3983	9276
1400	6613
1914	7156
31	5149
3079	8368
4073	9365
4153	9446
829	6011
2402	7659
1658	6872
4102	9402
2821	8118
3626	8926
4405	9687
4089	9382
677	5850
2324	7567
752	5923
4749	10042
3985	9278
3216	8500
1006	6201
2242	7470
4437	9714
1283	6484
1141	6319
5021	10332
1544	6753
1953	7205
3111	8402
354	5514
3366	8650
4242	9519
326	5483
3941	9243
1524	6740
4729	10024
2064	7298
2446	7702
1890	7114
1407	6620
2336	7580
2314	7558
3885	9167
2511	7767
2279	7518
2836	8130
4165	9461
2576	7835
3562	8853
2383	7638
1379	6584
3878	9156
985	6186
2963	8248
4095	9392
4668	9970
2559	7817
3867	9144
4999	10309
2422	7681
3086	8371
4876	10188
1439	6653
3414	8705
288	5428
1027	6229
4078	9370
2583	7842
466	5629
1422	6639
2076	7307
4869	10180
4379	9654
4233	9511
1627	6832
91	5210
355	5515
4690	9996
754	5926
2207	7437
3496	8793
3033	8323
1710	6927
644	5813
4534	9834
1789	7020
43	5161
197	5323
4448	9726
4150	9442
2196	7421
125	5243
4380	9658
2954	8239
4550	9851
1262	6465
4915	10233
5095	10404
691	5859
1282	6483
2902	8196
4036	9331
1787	7015
3479	8776
302	5448
1671	6884
442	5596
2904	8198
4335	9606
3717	9000
3647	8943
2186	7402
4362	9639
4585	9889
1011	6204
803	5987
1496	6709
3301	8582
3543	8829
3118	8411
21	5143
2295	7542
4653	9951
1547	6760
3685	8975
267	5405
1398	6610
1980	7221
2682	7956
4046	9337
2733	8018
2829	8124
4793	10100
1186	6378
3946	9249
387	5549
738	5901
3917	9211
1717	6930
1501	6713
3527	8817
4734	10029
1952	7203
2033	7276
5005	10319
1942	7192
1966	7212
1995	7242
3297	8580
4935	10247
1244	6443
2968	8252
3143	8429
2272	7507
4810	10125
1934	7179
1762	6987
148	5269
868	6066
4616	9923
3209	8494
668	5841
3028	8314
1389	6594
3019	8307
2660	7930
1583	6792
5029	10343
3055	8344
3032	8320
1539	6752
2553	7811
3786	9059
4624	9933
909	6113
2694	7974
4953	10267
4766	10070
3278	8554
3104	8394
4554	9857
4309	9587
4564	9873
3592	8885
1489	6705
2269	7503
4752	10049
3461	8756
1844	7067
2622	7880
1281	6482
2376	7633
2661	7931
1552	6767
2430	7688
4328	9599
3243	8522
4050	9342
362	5521
4501	9787
3714	8996
3328	8603
3013	8301
2247	7477
1984	7226
4308	9585
5048	10362
4717	10012
1511	6722
1599	6803
3182	8465
1277	6480
3474	8772
4350	9627
3904	9192
315	5464
2929	8216
5053	10366
2212	7444
2539	7791
4470	9756
2781	8085
4367	9642
4942	10257
4	5127
4792	10099
536	5701
4037	9333
2897	8191
1043	6244
3498	8795
2880	8168
758	5933
2890	8176
4010	9305
4998	10308
1284	6486
5026	10342
4687	9992
5012	10325
2144	7369
3556	8846
1905	7137
4383	9663
4615	9922
2141	7366
963	6170
2166	7386
1504	6715
2755	8054
3164	8448
166	5292
618	5787
3087	8374
1290	6490
4097	9396
5115	10426
1909	7146
4349	9621
1970	7215
3064	8350
4451	9729
2505	7760
71	5195
4517	9804
1577	6790
4358	9631
135	5253
4612	9916
1411	6624
1092	6283
81	5202
1656	6869
1126	6309
485	5653
4127	9422
905	6105
898	6096
797	5977
4031	9323
991	6188
699	5865
1266	6468
1976	7218
5110	10420
2174	7396
3220	8502
4786	10091
4772	10077
2732	8017
5054	10368
2927	8214
1119	6304
2244	7474
4887	10204
223	5343
2138	7363
3599	8891
778	5950
4189	9472
4969	10280
2205	7434
1681	6898
3630	8929
1659	6873
1153	6342
1312	6515
2731	8016
5001	10311
2404	7662
718	5882
851	6046
282	5424
827	6007
3144	8430
3179	8463
1943	7196
5117	10428
4556	9859
2498	7752
1985	7228
4732	10028
4981	10292
5038	10353
3977	9269
3816	9091
1441	6656
2869	8156
2020	7266
3565	8857
1264	6467
3212	8496
1142	6324
4636	9940
2328	7571
4591	9893
2281	7520
3145	8433
285	5425
2921	8210
2912	8202
1910	7148
4803	10111
1293	6493
4939	10252
3971	9266
3984	9277
2440	7695
429	5587
1679	6894
2455	7706
2250	7479
1716	6929
432	5590
1932	7176
4180	9468
2382	7636
4021	9311
2029	7273
3751	9030
2355	7605
649	5819
1392	6603
3023	8310
3299	8581
1913	7155
2709	7994
1836	7060
2579	7839
389	5552
1138	6314
1613	6816
2155	7381
1253	6453
877	6078
239	5360
3161	8446
1855	7080
3192	8477
523	5692
4159	9452
2536	7787
1357	6567
4526	9817
594	5761
3721	9005
1570	6787
1509	6719
5045	10359
1207	6406
1564	6777
4519	9808
874	6072
3720	9003
1480	6697
1842	7065
3682	8972
4919	10237
2989	8281
3266	8544
1456	6671
3189	8472
2482	7734
1118	6302
3428	8722
4614	9921
4442	9721
640	5808
3103	8393
1347	6559
3042	8330
136	5254
3811	9085
2503	7757
3554	8841
726	5891
854	6051
3772	9051
1084	6273
363	5522
556	5722
1246	6444
587	5753
1412	6626
2615	7870
5041	10357
3633	8932
825	6006
759	5934
3221	8503
5059	10373
4238	9515
1837	7062
5022	10333
2591	7848
4824	10139
4208	9487
492	5659
4741	10036
2208	7439
2407	7665
2893	8187
3517	8809
1810	7037
1520	6734
2435	7692
4731	10027
5015	10327
4842	10154
4389	9674
1657	6871
2348	7596
3701	8990
2359	7611
4608	9913
4575	9880
3689	8977
4858	10169
3683	8973
97	5217
4140	9434
1061	6259
235	5354
2721	8007
1239	6439
911	6118
2978	8268
2428	7687
3608	8902
94	5213
255	5385
3515	8808
3888	9172
2197	7426
54	5171
1045	6246
4921	10239
1103	6290
2200	7428
4765	10067
1440	6655
2644	7911
1012	6205
2794	8096
1915	7157
1090	6279
3879	9157
108	5226
2284	7523
4004	9299
3604	8896
775	5947
133	5250
3614	8910
1692	6911
3700	8989
3197	8483
765	5938
2928	8215
4207	9486
3035	8324
2237	7464
3490	8785
2877	8163
4419	9696
1667	6880
3191	8476
2783	8089
4029	9322
4932	10246
5042	10356
4371	9644
251	5382
4870	10183
1766	6990
1181	6376
978	6183
920	6126
4781	10086
1110	6295
2238	7466
4746	10039
2243	7471
4626	9937
4155	9448
2716	8002
2859	8147
1108	6293
4267	9536
2125	7350
4780	10085
5118	10431
3778	9054
1306	6509
2204	7433
2990	8283
3269	8547
1089	6278
1390	6601
3203	8485
5086	10397
1986	7231
3800	9074
4456	9737
3712	8995
4103	9403
1447	6663
246	5368
967	6171
1689	6907
2331	7573
1770	6996
322	5475
3812	9087
2690	7972
3507	8801
1148	6332
3802	9075
869	6067
3889	9173
4178	9466
74	5196
1723	6937
3228	8511
1508	6718
109	5233
2868	8155
836	6025
5066	10382
3615	8911
969	6173
3961	9260
3978	9270
4345	9616
2935	8222
2167	7387
1215	6413
60	5182
3920	9213
1563	6775
577	5742
544	5709
1900	7132
3936	9233
1094	6285
399	5563
4639	9941
2189	7404
4791	10098
2629	7896
1803	7029
837	6026
1429	6643
5074	10390
3727	9009
1911	7150
789	5965
3475	8775
4298	9572
1525	6741
4067	9358
3951	9255
503	5678
368	5528
663	5837
901	6102
4621	9931
2991	8284
2080	7313
120	5242
3225	8506
244	5366
4538	9840
4938	10251
1622	6821
1393	6604
2465	7718
3970	9265
4877	10189
3383	8664
3467	8765
1240	6440
4985	10301
3319	8597
174	5299
615	5784
5030	10344
1128	6311
875	6074
893	6091
2969	8253
2461	7712
1091	6282
1261	6464
1702	6919
2744	8035
2371	7624
684	5856
2875	8160
1311	6514
4292	9567
3426	8720
2318	7563
502	5677
1237	6437
4705	10008
3452	8749
386	5546
380	5539
2296	7544
334	5491
1295	6496
2878	8167
559	5724
3320	8598
619	5788
497	5670
1086	6274
49	5166
2776	8080
1802	7026
4281	9552
447	5602
4484	9768
3945	9248
3150	8439
4904	10221
1691	6910
2169	7389
672	5846
676	5848
5023	10339
3549	8834
2830	8125
4190	9473
1200	6395
3896	9183
3122	8414
960	6166
159	5283
1182	6377
4478	9765
1755	6979
4645	9944
703	5868
2964	8249
3249	8528
653	5827
1497	6712
4654	9953
3967	9263
871	6069
833	6017
3900	9190
3638	8935
2887	8171
2768	8072
3094	8381
4872	10184
1651	6858
1268	6469
373	5531
2484	7736
842	6033
4761	10060
2930	8217
3621	8921
3873	9151
3793	9064
4789	10095
1325	6535
4129	9423
3466	8763
1066	6263
3236	8515
4565	9874
117	5239
3089	8376
160	5284
1343	6556
1189	6386
2939	8225
4667	9969
3623	8925
3166	8454
1218	6418
1394	6607
3453	8751
3671	8964
3184	8467
1779	6999
1586	6794
5100	10409
3206	8489
1512	6725
1405	6618
4224	9501
2246	7475
731	5893
2740	8026
4289	9565
700	5867
2433	7689
2213	7445
1527	6744
4277	9548
2128	7354
1874	7102
28	5147
4410	9691
4504	9790
4694	10003
3728	9011
3088	8375
3891	9178
1950	7201
4300	9574
2779	8082
4900	10219
4837	10147
4557	9861
3886	9171
2408	7666
2145	7370
4023	9315
3251	8533
1198	6393
257	5390
2618	7876
2876	8162
273	5416
2099	7327
3506	8800
1301	6501
659	5834
1660	6874
3537	8822
3421	8711
2381	7635
4818	10132
772	5943
4058	9348
3052	8343
1945	7199
3153	8442
1074	6265
2737	8023
1853	7069
2533	7784
705	5870
3264	8543
1899	7129
890	6084
2313	7556
2007	7255
3871	9149
469	5632
453	5619
2596	7856
3921	9216
398	5562
1384	6591
891	6088
3973	9267
4672	9976
4940	10253
3662	8954
609	5778
3083	8370
2698	7980
1906	7142
1606	6806
397	5560
381	5540
571	5738
2729	8015
956	6156
4126	9421
263	5399
4452	9731
2512	7768
1704	6921
415	5571
419	5578
4372	9645
4072	9364
4024	9317
314	5463
1333	6544
3524	8816
177	5302
2632	7900
1320	6530
2653	7920
4898	10217
4540	9842
852	6047
131	5247
1607	6807
1902	7134
899	6097
3368	8652
4500	9786
3928	9226
3540	8826
4461	9745
3737	9019
3354	8631
3600	8894
2304	7549
3005	8296
3112	8405
760	5936
3360	8639
3523	8814
1025	6226
1270	6471
1648	6851
4204	9482
1132	6312
2044	7286
2077	7309
1864	7090
1728	6940
3294	8578
1978	7219
3939	9242
296	5442
1706	6923
526	5693
1718	6935
685	5857
4840	10151
4170	9464
2810	8106
4983	10294
101	5221
1327	6538
2119	7344
3995	9282
3504	8799
1510	6721
3952	9256
1208	6407
4822	10136
4854	10164
2129	7355
3386	8670
2369	7617
4706	10010
2193	7415
1936	7190
4896	10212
1536	6748
1217	6416
641	5809
4196	9477
2266	7498
611	5780
1167	6351
2993	8286
1615	6818
1468	6687
3738	9020
1830	7053
3561	8852
1015	6212
1252	6450
3273	8550
914	6121
1556	6769
2142	7367
1018	6219
167	5293
651	5824
3838	9121
1546	6759
1988	7234
2592	7850
3008	8299
154	5275
2366	7615
5016	10330
4085	9378
3667	8957
4723	10022
4181	9469
5063	10377
4450	9728
2010	7258
2387	7645
4160	9453
70	5194
3289	8571
4464	9752
3918	9212
1584	6793
24	5146
4892	10208
1421	6637
4220	9498
3171	8456
693	5860
2191	7411
1486	6703
3617	8912
927	6134
4881	10196
4743	10037
1160	6349
3522	8813
782	5955
2350	7601
3115	8408
4244	9520
4684	9987
2575	7841
50	5165
2111	7336
4285	9560
865	6061
4299	9573
1530	6745
3410	8701
1522	6735
1415	6631
66	5188
3853	9130
1760	6985
530	5694
3148	8435
2706	7989
589	5757
2523	7779
4516	9803
3538	8823
479	5647
2777	8081
3376	8658
4488	9771
1625	6830
506	5682
3823	9095
4466	9754
3022	8308
816	5998
3725	9008
30	5148
4956	10273
3097	8384
1744	6962
4398	9684
4728	10023
4283	9555
745	5916
1297	6499
4083	9376
5039	10355
4867	10177
225	5348
4336	9609
4231	9508
3463	8760
3100	8388
3622	8924
3046	8334
4022	9313
2713	7999
1790	7021
4377	9652
312	5459
4889	10207
2762	8065
2605	7865
4007	9301
1080	6269
4334	9605
2606	7866
2637	7905
4603	9906
4984	10298
2815	8109
1351	6563
2449	7703
4324	9597
1324	6533
2139	7365
2540	7792
3588	8882
1190	6384
4279	9550
804	5990
4086	9379
2417	7674
2086	7317
678	5851
4588	9891
1680	6897
346	5506
2489	7741
4329	9601
2442	7696
38	5158
1763	6988
2298	7547
734	5898
4477	9761
4393	9676
347	5507
1111	6296
2552	7810
1313	6510
2463	7715
195	5322
3226	8507
1634	6843
1754	6975
1815	7039
826	6005
4310	9589
1611	6814
3108	8400
4826	10143
2051	7293
3576	8870
998	6195
2308	7553
2951	8235
3419	8709
2101	7330
3663	8956
3455	8753
4578	9884
1780	7000
3944	9247
3906	9193
2190	7410
3030	8316
4082	9373
356	5516
3991	9280
2865	8152
2305	7551
2521	7777
1058	6255
1805	7031
4960	10276
2131	7360
